0 0
0.00125 0
0.0025 0
0.00375 0
0.005 0
0.00625 0
0.0075 0
0.00875 0
0.01 0
0 0.00125
0.00125 0.00125
0.0025 0.00125
0.00375 0.00125
0.005 0.00125
0.00625 0.00125
0.0075 0.00125
0.00875 0.00125
0.01 0.00125
0 0.0025
0.00125 0.0025
0.0025 0.0025
0.00375 0.0025
0.005 0.0025
0.00625 0.0025
0.0075 0.0025
0.00875 0.0025
0.01 0.0025
0 0.00375
0.00125 0.00375
0.0025 0.00375
0.00375 0.00375
0.005 0.00375
0.00625 0.00375
0.0075 0.00375
0.00875 0.00375
0.01 0.00375
0 0.005
0.00125 0.005
0.0025 0.005
0.00375 0.005
0.005 0.005
0.00625 0.005
0.0075 0.005
0.00875 0.005
0.01 0.005
0 0.00625
0.00125 0.00625
0.0025 0.00625
0.00375 0.00625
0.005 0.00625
0.00625 0.00625
0.0075 0.00625
0.00875 0.00625
0.01 0.00625
0 0.0075
0.00125 0.0075
0.0025 0.0075
0.00375 0.0075
0.005 0.0075
0.00625 0.0075
0.0075 0.0075
0.00875 0.0075
0.01 0.0075
0 0.00875
0.00125 0.00875
0.0025 0.00875
0.00375 0.00875
0.005 0.00875
0.00625 0.00875
0.0075 0.00875
0.00875 0.00875
0.01 0.00875
0 0.01
0.00125 0.01
0.0025 0.01
0.00375 0.01
0.005 0.01
0.00625 0.01
0.0075 0.01
0.00875 0.01
0.01 0.01
