0 0
0 0
0 0
0 0
0 0
0 0
0 0
0 0
0 0
4.65635e-06 -4.65965e-06
9.08967e-06 6.86262e-06
3.26638e-06 -2.83554e-06
8.00326e-06 6.48267e-06
2.0427e-06 -1.58044e-06
5.70707e-06 4.80426e-06
9.14311e-07 -5.45071e-07
1.80596e-06 1.49143e-06
5.32493e-44 5.46506e-44
2.93192e-05 3.55251e-05
7.47259e-06 -6.38163e-06
2.83548e-05 3.29821e-05
5.00902e-06 -4.80052e-06
2.61344e-05 2.87363e-05
1.85759e-06 -3.00079e-06
1.67042e-05 1.72199e-05
2.2277e-07 -9.78291e-07
5.60519e-44 5.74532e-44
1.17647e-05 -1.03194e-05
2.68606e-05 2.07623e-05
9.65246e-06 -8.19135e-06
2.57254e-05 2.10086e-05
6.27486e-06 -4.97723e-06
2.06814e-05 1.77884e-05
2.4133e-06 -1.67787e-06
7.48349e-06 6.46335e-06
5.88545e-44 6.02558e-44
5.59054e-05 6.69413e-05
1.49185e-05 -1.18754e-05
5.74041e-05 6.67811e-05
1.17482e-05 -9.99425e-06
6.06097e-05 6.70668e-05
4.21134e-06 -7.49225e-06
4.75588e-05 4.88531e-05
-2.08484e-06 -3.77869e-06
6.16571e-44 6.30584e-44
1.86479e-05 -1.59708e-05
4.30436e-05 3.28756e-05
1.71829e-05 -1.44557e-05
4.63013e-05 3.72016e-05
1.38921e-05 -1.11495e-05
4.88329e-05 4.26753e-05
4.37317e-06 -2.56038e-06
1.88308e-05 1.63557e-05
6.44597e-44 6.5861e-44
7.56487e-05 9.06018e-05
2.23719e-05 -1.67842e-05
8.16967e-05 9.60341e-05
2.25355e-05 -1.60901e-05
0.000102532 0.000115848
1.9636e-05 -1.50358e-05
0.000131003 0.000140754
-2.32361e-05 -2.38133e-05
6.72623e-44 6.86636e-44
2.38913e-05 -2.02206e-05
5.33776e-05 3.97025e-05
2.46569e-05 -2.08745e-05
6.29969e-05 4.7951e-05
2.78467e-05 -2.31608e-05
9.00211e-05 7.23027e-05
3.13523e-05 -2.52447e-05
0.000161483 0.000146789
7.00649e-44 7.14662e-44
8.24223e-05 9.90495e-05
2.61704e-05 -1.95358e-05
8.9608e-05 0.000107059
3.12081e-05 -2.12656e-05
0.00012143 0.000140841
4.73667e-05 -2.24376e-05
0.000225139 0.00024605
0.000119246 -1.75171e-06
0.000707107 0.000707107
