0 0
0 0
0 0
0 0
0 0
0 0
0 0
0 0
0 0
1.50487e-05 -1.59272e-05
1.3195e-05 8.70778e-06
9.4345e-06 -9.3134e-06
6.94918e-06 5.58613e-06
3.36341e-06 -2.80776e-06
1.11056e-06 1.35818e-06
-4.03015e-08 7.55906e-07
-7.55274e-07 -7.25419e-07
5.32493e-44 5.46506e-44
3.66499e-05 6.16359e-05
2.06443e-05 -2.0509e-05
2.97667e-05 4.99367e-05
1.00494e-05 -1.23073e-05
2.15524e-05 3.19586e-05
-7.124e-07 -3.26008e-06
7.67853e-06 8.46035e-06
4.91188e-07 -3.37886e-07
5.60519e-44 5.74532e-44
3.38785e-05 -3.16519e-05
4.07539e-05 2.81096e-05
2.40446e-05 -2.29739e-05
3.22541e-05 2.67293e-05
8.04704e-06 -8.78343e-06
1.68885e-05 1.69408e-05
-2.25368e-06 -1.60196e-07
3.1523e-07 1.47823e-07
5.88545e-44 6.02558e-44
7.15509e-05 0.000114801
4.15582e-05 -3.70078e-05
7.12734e-05 0.00010942
2.64843e-05 -2.55078e-05
7.19689e-05 9.68621e-05
-1.99044e-06 -8.73796e-06
4.61314e-05 4.60805e-05
-7.40113e-06 1.22986e-06
6.16571e-44 6.30584e-44
5.52048e-05 -4.92318e-05
7.0299e-05 4.63121e-05
4.77567e-05 -4.24548e-05
7.04422e-05 5.4249e-05
2.80203e-05 -2.46045e-05
6.33043e-05 6.2805e-05
-1.5346e-05 1.03774e-05
5.57377e-06 5.88112e-06
6.44597e-44 6.5861e-44
9.83117e-05 0.000156866
6.71226e-05 -5.59263e-05
0.000106659 0.000164908
6.39065e-05 -5.00832e-05
0.000134692 0.000190164
4.76646e-05 -3.54879e-05
0.000174531 0.000219335
-6.48416e-05 -2.93698e-06
6.72623e-44 6.86636e-44
7.53982e-05 -6.58792e-05
9.18131e-05 5.40454e-05
7.88331e-05 -6.93586e-05
0.000104645 6.31634e-05
8.85416e-05 -7.65886e-05
0.000143208 9.55995e-05
9.78929e-05 -8.15534e-05
0.000238019 0.000205595
7.00649e-44 7.14662e-44
0.000106523 0.000172726
8.21468e-05 -6.91034e-05
0.000107255 0.000179081
0.000100566 -8.26468e-05
0.000132308 0.000214928
0.000148425 -0.000111532
0.000231676 0.000323846
0.000315385 -0.000181635
0.000707107 0.000707107
