0 0
-5.32835e-11 -0.000166667
-1.09675e-10 -0.000333334
-1.88145e-10 -0.000500002
-2.3122e-10 -0.000666668
-1.83278e-10 -0.000833336
-1.36352e-10 -0.001
-8.46447e-11 -0.00116667
4.85359e-11 -0.00133334
1.29976e-10 -0.0015
6.37641e-11 -0.00166667
-1.95553e-11 -0.00183333
0 -0.002
0 0
-2.87559e-11 -0.000166667
-1.06331e-10 -0.000333335
-1.97811e-10 -0.000500001
-2.47411e-10 -0.000666669
-2.2386e-10 -0.000833336
-1.29543e-10 -0.001
-1.68894e-11 -0.00116667
6.05073e-11 -0.00133334
8.21469e-11 -0.0015
6.62328e-11 -0.00166667
4.06986e-11 -0.00183333
0 -0.002
0 0
7.08315e-12 -0.000166667
-1.02285e-10 -0.000333334
-2.16085e-10 -0.000500002
-2.75534e-10 -0.000666668
-2.79752e-10 -0.000833336
-1.24888e-10 -0.001
6.32552e-11 -0.00116667
8.14953e-11 -0.00133334
3.49601e-11 -0.0015
6.08641e-11 -0.00166667
8.99748e-11 -0.00183333
0 -0.002
0 0
1.39034e-11 -0.000166667
-1.05923e-10 -0.000333334
-2.29929e-10 -0.000500002
-2.86556e-10 -0.000666669
-2.78797e-10 -0.000833336
-1.36192e-10 -0.001
2.95402e-11 -0.00116667
9.43156e-11 -0.00133334
8.66817e-11 -0.0015
3.39274e-11 -0.00166667
-5.75863e-12 -0.00183333
0 -0.002
0 0
9.54073e-13 -0.000166667
-1.16016e-10 -0.000333334
-2.36696e-10 -0.000500002
-2.71734e-10 -0.000666668
-2.34413e-10 -0.000833336
-1.38843e-10 -0.001
-3.12638e-11 -0.00116667
1.06412e-10 -0.00133334
1.64129e-10 -0.0015
-2.23243e-12 -0.00166667
-1.44506e-10 -0.00183334
0 -0.002
0 0
-1.86562e-11 -0.000166667
-1.25231e-10 -0.000333334
-2.35029e-10 -0.000500001
-2.37701e-10 -0.000666669
-1.72961e-10 -0.000833336
-1.10153e-10 -0.001
-2.30068e-11 -0.00116667
1.29561e-10 -0.00133334
1.88852e-10 -0.0015
-2.67948e-11 -0.00166667
-2.11151e-10 -0.00183333
0 -0.002
0 0
-4.55278e-11 -0.000166667
-1.27008e-10 -0.000333334
-2.09784e-10 -0.000500001
-2.05257e-10 -0.000666669
-1.4018e-10 -0.000833336
-7.3178e-11 -0.001
3.07691e-11 -0.00116667
1.61114e-10 -0.00133334
1.85846e-10 -0.0015
-2.70854e-11 -0.00166667
-2.04853e-10 -0.00183333
0 -0.002
0 0
-7.98272e-11 -0.000166667
-1.20708e-10 -0.000333334
-1.5147e-10 -0.000500001
-1.89477e-10 -0.000666668
-1.74208e-10 -0.000833336
-5.53138e-11 -0.001
9.21231e-11 -0.00116667
1.91733e-10 -0.00133334
1.84025e-10 -0.0015
-4.96811e-12 -0.00166667
-1.43869e-10 -0.00183333
0 -0.002
0 0
-9.8407e-11 -0.000166667
-1.16091e-10 -0.000333334
-1.15205e-10 -0.000500001
-1.8602e-10 -0.000666669
-2.07685e-10 -0.000833335
-5.22331e-11 -0.001
1.22657e-10 -0.00116667
2.05654e-10 -0.00133334
1.83565e-10 -0.0015
9.93873e-12 -0.00166667
-1.01839e-10 -0.00183333
0 -0.002
